Results of the fit:
A = 0.980841 +- 0.009588
Tau = 2 +- 0.035064

Parameters:
N = 64
M = 1
W = 1